2349440443518960517
6978229512110689992
8457253091788739137
3901087546086747196
5229664515878036108
7695576171488305107
5229664515878036108
5229664515878036108
8457253091788739137
8457253091788739137
8457253091788739137
5229664515878036108
8457253091788739137
4309092261445242579
2215731684202731680
1728204553836697060
8336786607452993709
5441205283938578844
2956732489018529815
2956732489018529815
2956732489018529815
8058953372934291912
2956732489018529815
2956732489018529815
2956732489018529815
2956732489018529815
2956732489018529815
2956732489018529815
2956732489018529815
2956732489018529815
2956732489018529815
2956732489018529815
2956732489018529815
2956732489018529815
2956732489018529815
2956732489018529815
2956732489018529815
2956732489018529815
2956732489018529815
2956732489018529815
2956732489018529815
2956732489018529815
2956732489018529815
2956732489018529815
2956732489018529815
2956732489018529815
2956732489018529815
2956732489018529815
2956732489018529815
2956732489018529815
2956732489018529815
2956732489018529815
2956732489018529815
2956732489018529815
2956732489018529815
2956732489018529815
2956732489018529815
2956732489018529815
2956732489018529815
2956732489018529815
2956732489018529815
2956732489018529815
2956732489018529815
2956732489018529815
2956732489018529815
2956732489018529815
2956732489018529815
2956732489018529815
2956732489018529815
2956732489018529815
2956732489018529815
2956732489018529815
2956732489018529815
2956732489018529815
2956732489018529815
2956732489018529815
2956732489018529815
2956732489018529815
2956732489018529815
2956732489018529815
2956732489018529815
2956732489018529815
2956732489018529815
2956732489018529815
2956732489018529815
2956732489018529815
2956732489018529815
2956732489018529815
2956732489018529815
2956732489018529815
2956732489018529815
2956732489018529815
2956732489018529815
2956732489018529815
2956732489018529815
2956732489018529815
2956732489018529815
2956732489018529815
2956732489018529815
2956732489018529815
2956732489018529815
2956732489018529815
2956732489018529815
2956732489018529815
2956732489018529815
2956732489018529815
2956732489018529815
2956732489018529815
2956732489018529815
2956732489018529815
2956732489018529815
2956732489018529815
2956732489018529815
2956732489018529815
2956732489018529815
2956732489018529815
2956732489018529815
2956732489018529815
2956732489018529815
2956732489018529815
2956732489018529815
2956732489018529815
2956732489018529815
2956732489018529815
2956732489018529815
2956732489018529815
2956732489018529815
2956732489018529815
2956732489018529815
2956732489018529815
2956732489018529815
2956732489018529815
2136967835828630288
834465891627440428
6974104213767990896
7759404775303234326
2049148659193703112
834465891627440428
834465891627440428
834465891627440428
